000000000000010 0002 2
000000000000011 0003 1
000000000000101 0005 2
000000000000111 0007 2
000000000001011 0011 4
000000000001101 0013 2
000000000010001 0017 4
000000000010011 0019 2
000000000010111 0023 4
000000000011101 0029 6
000000000011111 0031 2
000000000100101 0037 6
000000000101001 0041 4
000000000101011 0043 2
000000000101111 0047 4
000000000110101 0053 6
000000000111011 0059 6
000000000111101 0061 2
000000001000011 0067 6
000000001000111 0071 4
000000001001001 0073 2
000000001001111 0079 6
000000001010011 0083 4
000000001011001 0089 6
000000001100001 0097 8
000000001100101 0101 4
000000001100111 0103 2
000000001101011 0107 4
000000001101101 0109 2
000000001110001 0113 4
000000001111111 0127 14
000000010000011 0131 4
000000010001001 0137 6
000000010001011 0139 2
000000010010101 0149 10
000000010010111 0151 2
000000010011101 0157 6
000000010100011 0163 6
000000010100111 0167 4
000000010101101 0173 6
000000010110011 0179 6
000000010110101 0181 2
000000010111111 0191 10
000000011000001 0193 2
000000011000101 0197 4
000000011000111 0199 2
000000011010011 0211 12
000000011011111 0223 12
000000011100011 0227 4
000000011100101 0229 2
000000011101001 0233 4
000000011101111 0239 6
000000011110001 0241 2
000000011111011 0251 10
000000100000001 0257 6
000000100000111 0263 6
000000100001101 0269 6
000000100001111 0271 2
000000100010101 0277 6
000000100011001 0281 4
000000100011011 0283 2
000000100100101 0293 10
000000100110011 0307 14
000000100110111 0311 4
000000100111001 0313 2
000000100111101 0317 4
000000101001011 0331 14
000000101010001 0337 6
000000101011011 0347 10
000000101011101 0349 2
000000101100001 0353 4
000000101100111 0359 6
000000101101111 0367 8
000000101110101 0373 6
000000101111011 0379 6
000000101111111 0383 4
000000110000101 0389 6
000000110001101 0397 8
000000110010001 0401 4
000000110011001 0409 8
000000110100011 0419 10
000000110100101 0421 2
000000110101111 0431 10
000000110110001 0433 2
000000110110111 0439 6
000000110111011 0443 4
000000111000001 0449 6
000000111001001 0457 8
000000111001101 0461 4
000000111001111 0463 2
000000111010011 0467 4
000000111011111 0479 12
000000111100111 0487 8
000000111101011 0491 4
000000111110011 0499 8
000000111110111 0503 4
000000111111101 0509 6
000001000001001 0521 12
000001000001011 0523 2
000001000011101 0541 18
000001000100011 0547 6
000001000101101 0557 10
000001000110011 0563 6
000001000111001 0569 6
000001000111011 0571 2
000001001000001 0577 6
000001001001011 0587 10
000001001010001 0593 6
000001001010111 0599 6
000001001011001 0601 2
000001001011111 0607 6
000001001100101 0613 6
000001001101001 0617 4
000001001101011 0619 2
000001001110111 0631 12
000001010000001 0641 10
000001010000011 0643 2
000001010000111 0647 4
000001010001101 0653 6
000001010010011 0659 6
000001010010101 0661 2
000001010100001 0673 12
000001010100101 0677 4
000001010101011 0683 6
000001010110011 0691 8
000001010111101 0701 10
000001011000101 0709 8
000001011001111 0719 10
000001011010111 0727 8
000001011011101 0733 6
000001011100011 0739 6
000001011100111 0743 4
000001011101111 0751 8
000001011110101 0757 6
000001011111001 0761 4
000001100000001 0769 8
000001100000101 0773 4
000001100010011 0787 14
000001100011101 0797 10
000001100101001 0809 12
000001100101011 0811 2
000001100110101 0821 10
000001100110111 0823 2
000001100111011 0827 4
000001100111101 0829 2
000001101000111 0839 10
000001101010101 0853 14
000001101011001 0857 4
000001101011011 0859 2
000001101011111 0863 4
000001101101101 0877 14
000001101110001 0881 4
000001101110011 0883 2
000001101110111 0887 4
000001110001011 0907 20
000001110001111 0911 4
000001110010111 0919 8
000001110100001 0929 10
000001110101001 0937 8
000001110101101 0941 4
000001110110011 0947 6
000001110111001 0953 6
000001111000111 0967 14
000001111001011 0971 4
000001111010001 0977 6
000001111010111 0983 6
000001111011111 0991 8
000001111100101 0997 6
000001111110001 1009 12
000001111110101 1013 4
000001111111011 1019 6
000001111111101 1021 2
000010000000111 1031 10
000010000001001 1033 2
000010000001111 1039 6
000010000011001 1049 10
000010000011011 1051 2
000010000100101 1061 10
000010000100111 1063 2
000010000101101 1069 6
000010000111111 1087 18
000010001000011 1091 4
000010001000101 1093 2
000010001001001 1097 4
000010001001111 1103 6
000010001010101 1109 6
000010001011101 1117 8
000010001100011 1123 6
000010001101001 1129 6
000010001111111 1151 22
000010010000001 1153 2
000010010001011 1163 10
000010010010011 1171 8
000010010011101 1181 10
000010010100011 1187 6
000010010101001 1193 6
000010010110001 1201 8
000010010111101 1213 12
000010011000001 1217 4
000010011000111 1223 6
000010011001101 1229 6
000010011001111 1231 2
000010011010101 1237 6
000010011100001 1249 12
000010011101011 1259 10
000010011111101 1277 18
000010011111111 1279 2
000010100000011 1283 4
000010100001001 1289 6
000010100001011 1291 2
000010100010001 1297 6
000010100010101 1301 4
000010100010111 1303 2
000010100011011 1307 4
000010100100111 1319 12
000010100101001 1321 2
000010100101111 1327 6
000010101010001 1361 34
000010101010111 1367 6
000010101011101 1373 6
000010101100101 1381 8
000010101110111 1399 18
000010110000001 1409 10
000010110001111 1423 14
000010110010011 1427 4
000010110010101 1429 2
000010110011001 1433 4
000010110011111 1439 6
000010110100111 1447 8
000010110101011 1451 4
000010110101101 1453 2
000010110110011 1459 6
000010110111111 1471 12
000010111001001 1481 10
000010111001011 1483 2
000010111001111 1487 4
000010111010001 1489 2
000010111010101 1493 4
000010111011011 1499 6
000010111100111 1511 12
000010111110011 1523 12
000010111111011 1531 8
000011000000111 1543 12
000011000001101 1549 6
000011000010001 1553 4
000011000010111 1559 6
000011000011111 1567 8
000011000100011 1571 4
000011000101011 1579 8
000011000101111 1583 4
000011000111101 1597 14
000011001000001 1601 4
000011001000111 1607 6
000011001001001 1609 2
000011001001101 1613 4
000011001010011 1619 6
000011001010101 1621 2
000011001011011 1627 6
000011001100101 1637 10
000011001111001 1657 20
000011001111111 1663 6
000011010000011 1667 4
000011010000101 1669 2
000011010011101 1693 24
000011010100001 1697 4
000011010100011 1699 2
000011010101101 1709 10
000011010111001 1721 12
000011010111011 1723 2
000011011000101 1733 10
000011011001101 1741 8
000011011010011 1747 6
000011011011001 1753 6
000011011011111 1759 6
000011011110001 1777 18
000011011110111 1783 6
000011011111011 1787 4
000011011111101 1789 2
000011100001001 1801 12
000011100010011 1811 10
000011100011111 1823 12
000011100100111 1831 8
000011100110111 1847 16
000011101000101 1861 14
000011101001011 1867 6
000011101001111 1871 4
000011101010001 1873 2
000011101010101 1877 4
000011101010111 1879 2
000011101100001 1889 10
000011101101101 1901 12
000011101110011 1907 6
000011101111001 1913 6
000011110001011 1931 18
000011110001101 1933 2
000011110011101 1949 16
000011110011111 1951 2
000011110110101 1973 22
000011110111011 1979 6
000011111000011 1987 8
000011111001001 1993 6
000011111001101 1997 4
000011111001111 1999 2
000011111010011 2003 4
000011111011011 2011 8
000011111100001 2017 6
000011111101011 2027 10
000011111101101 2029 2
000011111110111 2039 10
000100000000101 2053 14
000100000001111 2063 10
000100000010101 2069 6
000100000100001 2081 12
000100000100011 2083 2
000100000100111 2087 4
000100000101001 2089 2
000100000110011 2099 10
000100000111111 2111 12
000100001000001 2113 2
000100001010001 2129 16
000100001010011 2131 2
000100001011001 2137 6
000100001011101 2141 4
000100001011111 2143 2
000100001101001 2153 10
000100001110001 2161 8
000100010000011 2179 18
000100010011011 2203 24
000100010011111 2207 4
000100010100101 2213 6
000100010101101 2221 8
000100010111101 2237 16
000100010111111 2239 2
000100011000011 2243 4
000100011001011 2251 8
000100011011011 2267 16
000100011011101 2269 2
000100011100001 2273 4
000100011101001 2281 8
000100011101111 2287 6
000100011110101 2293 6
000100011111001 2297 4
000100100000101 2309 12
000100100000111 2311 2
000100100011101 2333 22
000100100100011 2339 6
000100100100101 2341 2
000100100101011 2347 6
000100100101111 2351 4
000100100110101 2357 6
000100101000011 2371 14
000100101001001 2377 6
000100101001101 2381 4
000100101001111 2383 2
000100101010101 2389 6
000100101011001 2393 4
000100101011111 2399 6
000100101101011 2411 12
000100101110001 2417 6
000100101110111 2423 6
000100110000101 2437 14
000100110001001 2441 4
000100110001111 2447 6
000100110011011 2459 12
000100110100011 2467 8
000100110101001 2473 6
000100110101101 2477 4
000100111000111 2503 26
000100111011001 2521 18
000100111100011 2531 10
000100111101011 2539 8
000100111101111 2543 4
000100111110101 2549 6
000100111110111 2551 2
000100111111101 2557 6
000101000010011 2579 22
000101000011111 2591 12
000101000100001 2593 2
000101000110001 2609 16
000101000111001 2617 8
000101000111101 2621 4
000101001001001 2633 12
000101001010111 2647 14
000101001100001 2657 10
000101001100011 2659 2
000101001100111 2663 4
000101001101111 2671 8
000101001110101 2677 6
000101001111011 2683 6
000101001111111 2687 4
000101010000001 2689 2
000101010000101 2693 4
000101010001011 2699 6
000101010010011 2707 8
000101010010111 2711 4
000101010011001 2713 2
000101010011111 2719 6
000101010101001 2729 10
000101010101011 2731 2
000101010110101 2741 10
000101010111101 2749 8
000101011000001 2753 4
000101011001111 2767 14
000101011011001 2777 10
000101011100101 2789 12
000101011100111 2791 2
000101011101101 2797 6
000101011110001 2801 4
000101011110011 2803 2
000101100000011 2819 16
000101100010001 2833 14
000101100010101 2837 4
000101100011011 2843 6
000101100100011 2851 8
000101100101001 2857 6
000101100101101 2861 4
000101100111111 2879 18
000101101000111 2887 8
000101101010001 2897 10
000101101010111 2903 6
000101101011101 2909 6
000101101100101 2917 8
000101101101111 2927 10
000101101111011 2939 12
000101110001001 2953 14
000101110001101 2957 4
000101110010011 2963 6
000101110011001 2969 6
000101110011011 2971 2
000101110110111 2999 28
000101110111001 3001 2
000101111000011 3011 10
000101111001011 3019 8
000101111001111 3023 4
000101111011101 3037 14
000101111100001 3041 4
000101111101001 3049 8
000101111110101 3061 12
000101111111011 3067 6
000110000000111 3079 12
000110000001011 3083 4
000110000010001 3089 6
000110000100101 3109 20
000110000101111 3119 10
000110000110001 3121 2
000110001000001 3137 16
000110001011011 3163 26
000110001011111 3167 4
000110001100001 3169 2
000110001101101 3181 12
000110001110011 3187 6
000110001110111 3191 4
000110010000011 3203 12
000110010001001 3209 6
000110010010001 3217 8
000110010010101 3221 4
000110010011101 3229 8
000110010110011 3251 22
000110010110101 3253 2
000110010111001 3257 4
000110010111011 3259 2
000110011000111 3271 12
000110011100011 3299 28
000110011100101 3301 2
000110011101011 3307 6
000110011110001 3313 6
000110011110111 3319 6
000110011111011 3323 4
000110100000001 3329 6
000110100000011 3331 2
000110100001111 3343 12
000110100010011 3347 4
000110100011111 3359 12
000110100100001 3361 2
000110100101011 3371 10
000110100101101 3373 2
000110100111101 3389 16
000110100111111 3391 2
000110101001111 3407 16
000110101010101 3413 6
000110101101001 3433 20
000110101111001 3449 16
000110110000001 3457 8
000110110000101 3461 4
000110110000111 3463 2
000110110001011 3467 4
000110110001101 3469 2
000110110100011 3491 22
000110110101011 3499 8
000110110110111 3511 12
000110110111101 3517 6
000110111000111 3527 10
000110111001001 3529 2
000110111001101 3533 4
000110111010011 3539 6
000110111010101 3541 2
000110111011011 3547 6
000110111100101 3557 10
000110111100111 3559 2
000110111110011 3571 12
000110111111101 3581 10
000110111111111 3583 2
000111000001001 3593 10
000111000010111 3607 14
000111000011101 3613 6
000111000100001 3617 4
000111000100111 3623 6
000111000101111 3631 8
000111000110101 3637 6
000111000111011 3643 6
000111001001011 3659 16
000111001010111 3671 12
000111001011001 3673 2
000111001011101 3677 4
000111001101011 3691 14
000111001110001 3697 6
000111001110101 3701 4
000111001111101 3709 8
000111010000111 3719 10
000111010001111 3727 8
000111010010101 3733 6
000111010011011 3739 6
000111010110001 3761 22
000111010110111 3767 6
000111010111001 3769 2
000111011000011 3779 10
000111011010001 3793 14
000111011010101 3797 4
000111011011011 3803 6
000111011101101 3821 18
000111011101111 3823 2
000111011111001 3833 10
000111100000111 3847 14
000111100001011 3851 4
000111100001101 3853 2
000111100010111 3863 10
000111100100101 3877 14
000111100101001 3881 4
000111100110001 3889 8
000111101000011 3907 18
000111101000111 3911 4
000111101001101 3917 6
000111101001111 3919 2
000111101010011 3923 4
000111101011001 3929 6
000111101011011 3931 2
000111101100111 3943 12
000111101101011 3947 4
000111101111111 3967 20
000111110010101 3989 22
000111110100001 4001 12
000111110100011 4003 2
000111110100111 4007 4
000111110101101 4013 6
000111110110011 4019 6
000111110110101 4021 2
000111110111011 4027 6
000111111010001 4049 22
000111111010011 4051 2
000111111011001 4057 6
000111111101001 4073 16
000111111101111 4079 6
000111111111011 4091 12
000111111111101 4093 2
001000000000011 4099 6
001000000001111 4111 12
001000000011111 4127 16
001000000100001 4129 2
001000000100101 4133 4
001000000101011 4139 6
001000000111001 4153 14
001000000111101 4157 4
001000000111111 4159 2
001000001010001 4177 18
001000001101001 4201 24
001000001110011 4211 10
001000001111001 4217 6
001000001111011 4219 2
001000010000101 4229 10
001000010000111 4231 2
001000010010001 4241 10
001000010010011 4243 2
001000010011101 4253 10
001000010100011 4259 6
001000010100101 4261 2
001000010101111 4271 10
001000010110001 4273 2
001000010111011 4283 10
001000011000001 4289 6
001000011001001 4297 8
001000011100111 4327 30
001000011110001 4337 10
001000011110011 4339 2
001000011111101 4349 10
001000100000101 4357 8
001000100001011 4363 6
001000100010101 4373 10
001000100100111 4391 18
001000100101101 4397 6
001000100111001 4409 12
001000101000101 4421 12
001000101000111 4423 2
001000101011001 4441 18
001000101011111 4447 6
001000101100011 4451 4
001000101101001 4457 6
001000101101111 4463 6
001000110000001 4481 18
001000110000011 4483 2
001000110001101 4493 10
001000110011011 4507 14
001000110100001 4513 6
001000110100101 4517 4
001000110100111 4519 2
001000110101011 4523 4
001000111000011 4547 24
001000111000101 4549 2
001000111010001 4561 12
001000111010111 4567 6
001000111100111 4583 16
001000111101111 4591 8
001000111110101 4597 6
001000111111011 4603 6
001001000001101 4621 18
001001000011101 4637 16
001001000011111 4639 2
001001000100011 4643 4
001001000101001 4649 6
001001000101011 4651 2
001001000110001 4657 6
001001000110111 4663 6
001001001000001 4673 10
001001001000111 4679 6
001001001010011 4691 12
001001001011111 4703 12
001001001110001 4721 18
001001001110011 4723 2
001001001111001 4729 6
001001001111101 4733 4
001001010001111 4751 18
001001010010111 4759 8
001001010101111 4783 24
001001010110011 4787 4
001001010110101 4789 2
001001010111001 4793 4
001001010111111 4799 6
001001011000001 4801 2
001001011001101 4813 12
001001011010001 4817 4
001001011011111 4831 14
001001011111101 4861 30
001001100000111 4871 10
001001100001101 4877 6
001001100011001 4889 12
001001100100111 4903 14
001001100101101 4909 6
001001100110111 4919 10
001001101000011 4931 12
001001101000101 4933 2
001001101001001 4937 4
001001101001111 4943 6
001001101010111 4951 8
001001101011101 4957 6
001001101100111 4967 10
001001101101001 4969 2
001001101101101 4973 4
001001101111011 4987 14
001001110000001 4993 6
001001110000111 4999 6
001001110001011 5003 4
001001110010001 5009 6
001001110010011 5011 2
001001110011101 5021 10
001001110011111 5023 2
001001110101111 5039 16
001001110111011 5051 12
001001111000011 5059 8
001001111010101 5077 18
001001111011001 5081 4
001001111011111 5087 6
001001111101011 5099 12
001001111101101 5101 2
001001111110011 5107 6
001001111111001 5113 6
001001111111111 5119 6
001010000011011 5147 28
001010000100001 5153 6
001010000101111 5167 14
001010000110011 5171 4
001010000111011 5179 8
001010001000101 5189 10
001010001001101 5197 8
001010001011001 5209 12
001010001101011 5227 18
001010001101111 5231 4
001010001110001 5233 2
001010001110101 5237 4
001010010001101 5261 24
001010010011001 5273 12
001010010011111 5279 6
001010010100001 5281 2
001010010110001 5297 16
001010010110111 5303 6
001010010111101 5309 6
001010011001011 5323 14
001010011010101 5333 10
001010011100011 5347 14
001010011100111 5351 4
001010100000101 5381 30
001010100001011 5387 6
001010100010001 5393 6
001010100010111 5399 6
001010100011111 5407 8
001010100100101 5413 6
001010100101001 5417 4
001010100101011 5419 2
001010100110111 5431 12
001010100111101 5437 6
001010101000001 5441 4
001010101000011 5443 2
001010101001001 5449 6
001010101011111 5471 22
001010101100101 5477 6
001010101100111 5479 2
001010101101011 5483 4
001010101111101 5501 18
001010101111111 5503 2
001010110000011 5507 4
001010110001111 5519 12
001010110010001 5521 2
001010110010111 5527 6
001010110011011 5531 4
001010110110101 5557 26
001010110111011 5563 6
001010111000001 5569 6
001010111000101 5573 4
001010111001101 5581 8
001010111010111 5591 10
001010111110111 5623 32
001011000000111 5639 16
001011000001001 5641 2
001011000001111 5647 6
001011000010011 5651 4
001011000010101 5653 2
001011000011001 5657 4
001011000011011 5659 2
001011000100101 5669 10
001011000110011 5683 14
001011000111001 5689 6
001011000111101 5693 4
001011001000101 5701 8
001011001001111 5711 10
001011001010101 5717 6
001011001101001 5737 20
001011001101101 5741 4
001011001101111 5743 2
001011001110101 5749 6
001011010010011 5779 30
001011010010111 5783 4
001011010011111 5791 8
001011010101001 5801 10
001011010101111 5807 6
001011010110101 5813 6
001011010111101 5821 8
001011011000011 5827 6
001011011001111 5839 12
001011011010011 5843 4
001011011011001 5849 6
001011011011011 5851 2
001011011100001 5857 6
001011011100101 5861 4
001011011101011 5867 6
001011011101101 5869 2
001011011110111 5879 10
001011011111001 5881 2
001011100001001 5897 16
001011100001111 5903 6
001011100100011 5923 20
001011100100111 5927 4
001011100110011 5939 12
001011101000001 5953 14
001011101011101 5981 28
001011101100011 5987 6
001011101110111 6007 20
001011101111011 6011 4
001011110001101 6029 18
001011110010101 6037 8
001011110011011 6043 6
001011110011111 6047 4
001011110100101 6053 6
001011110110011 6067 14
001011110111001 6073 6
001011110111111 6079 6
001011111001001 6089 10
001011111001011 6091 2
001011111010101 6101 10
001011111100001 6113 12
001011111101001 6121 8
001011111110011 6131 10
001011111110101 6133 2
001011111111111 6143 10
001100000000111 6151 8
001100000010011 6163 12
001100000011101 6173 10
001100000110101 6197 24
001100000110111 6199 2
001100000111011 6203 4
001100001000011 6211 8
001100001001001 6217 6
001100001001101 6221 4
001100001010101 6229 8
001100001100111 6247 18
001100001110001 6257 10
001100001110111 6263 6
001100001111101 6269 6
001100001111111 6271 2
001100010000101 6277 6
001100010001111 6287 10
001100010011011 6299 12
001100010011101 6301 2
001100010100111 6311 10
001100010101101 6317 6
001100010110011 6323 6
001100010111001 6329 6
001100011000001 6337 8
001100011000111 6343 6
001100011010001 6353 10
001100011010111 6359 6
001100011011001 6361 2
001100011011111 6367 6
001100011100101 6373 6
001100011101011 6379 6
001100011110101 6389 10
001100011111101 6397 8
001100100010101 6421 24
001100100011011 6427 6
001100100110001 6449 22
001100100110011 6451 2
001100101000101 6469 18
001100101001001 6473 4
001100101010001 6481 8
001100101011011 6491 10
001100101111001 6521 30
001100110000001 6529 8
001100110010011 6547 18
001100110010111 6551 4
001100110011001 6553 2
001100110100011 6563 10
001100110101001 6569 6
001100110101011 6571 2
001100110110001 6577 6
001100110110101 6581 4
001100111000111 6599 18
001100111001111 6607 8
001100111011011 6619 12
001100111101101 6637 18
001100111111101 6653 16
001101000000011 6659 6
001101000000101 6661 2
001101000010001 6673 12
001101000010111 6679 6
001101000100001 6689 10
001101000100011 6691 2
001101000101101 6701 10
001101000101111 6703 2
001101000110101 6709 6
001101000111111 6719 10
001101001001101 6733 14
001101001010001 6737 4
001101001101001 6761 24
001101001101011 6763 2
001101001111011 6779 16
001101001111101 6781 2
001101010000111 6791 10
001101010001001 6793 2
001101010010011 6803 10
001101010100111 6823 20
001101010101011 6827 4
001101010101101 6829 2
001101010110001 6833 4
001101010111001 6841 8
001101011001001 6857 16
001101011001111 6863 6
001101011010101 6869 6
001101011010111 6871 2
001101011100011 6883 12
001101011110011 6899 16
001101011111011 6907 8
001101011111111 6911 4
001101100000101 6917 6
001101100100011 6947 30
001101100100101 6949 2
001101100101111 6959 10
001101100110001 6961 2
001101100110111 6967 6
001101100111011 6971 4
001101101000001 6977 6
001101101000111 6983 6
001101101001111 6991 8
001101101010101 6997 6
001101101011001 7001 4
001101101100101 7013 12
001101101101011 7019 6
001101101110011 7027 8
001101101111111 7039 12
001101110000011 7043 4
001101110010001 7057 14
001101110011101 7069 12
001101110100111 7079 10
001101110111111 7103 24
001101111000101 7109 6
001101111010001 7121 12
001101111010111 7127 6
001101111011001 7129 2
001101111101111 7151 22
001101111110111 7159 8
001110000001001 7177 18
001110000010011 7187 10
001110000011001 7193 6
001110000100111 7207 14
001110000101011 7211 4
001110000101101 7213 2
001110000110011 7219 6
001110000111101 7229 10
001110001000101 7237 8
001110001001011 7243 6
001110001001111 7247 4
001110001010101 7253 6
001110001110011 7283 30
001110010000001 7297 14
001110010001011 7307 10
001110010001101 7309 2
001110010011001 7321 12
001110010100011 7331 10
001110010100101 7333 2
001110010110101 7349 16
001110010110111 7351 2
001110011001001 7369 18
001110011100001 7393 24
001110011110011 7411 18
001110011111001 7417 6
001110100001001 7433 16
001110100011011 7451 18
001110100100001 7457 6
001110100100011 7459 2
001110100110101 7477 18
001110100111001 7481 4
001110100111111 7487 6
001110101000001 7489 2
001110101001011 7499 10
001110101010011 7507 8
001110101011101 7517 10
001110101100011 7523 6
001110101101001 7529 6
001110101110001 7537 8
001110101110101 7541 4
001110101111011 7547 6
001110101111101 7549 2
001110110000111 7559 10
001110110001001 7561 2
001110110010101 7573 12
001110110011001 7577 4
001110110011111 7583 6
001110110100101 7589 6
001110110100111 7591 2
001110110110011 7603 12
001110110110111 7607 4
001110111000101 7621 14
001110111010111 7639 18
001110111011011 7643 4
001110111100001 7649 6
001110111110101 7669 20
001110111111001 7673 4
001111000000001 7681 8
001111000000111 7687 6
001111000001011 7691 4
001111000010011 7699 8
001111000010111 7703 4
001111000100101 7717 14
001111000101011 7723 6
001111000101111 7727 4
001111000111101 7741 14
001111001001001 7753 12
001111001001101 7757 4
001111001001111 7759 2
001111001101101 7789 30
001111001110001 7793 4
001111010001001 7817 24
001111010001111 7823 6
001111010010101 7829 6
001111010100001 7841 12
001111010101101 7853 12
001111010111011 7867 14
001111011000001 7873 6
001111011000101 7877 4
001111011000111 7879 2
001111011001011 7883 4
001111011011101 7901 18
001111011100011 7907 6
001111011101111 7919 12
001111011110111 7927 8
001111011111101 7933 6
001111100000001 7937 4
001111100001101 7949 12
001111100001111 7951 2
001111100011011 7963 12
001111100111001 7993 30
001111101001001 8009 16
001111101001011 8011 2
001111101010001 8017 6
001111101100111 8039 22
001111101110101 8053 14
001111101111011 8059 6
001111110000101 8069 10
001111110010001 8081 12
001111110010111 8087 6
001111110011001 8089 2
001111110011101 8093 4
001111110100101 8101 8
001111110101111 8111 10
001111110110101 8117 6
001111110111011 8123 6
001111111010011 8147 24
001111111100001 8161 14
001111111100111 8167 6
001111111101011 8171 4
001111111110011 8179 8
001111111111111 8191 12
010000000010001 8209 18
010000000011011 8219 10
010000000011101 8221 2
010000000100111 8231 10
010000000101001 8233 2
010000000101101 8237 4
010000000110011 8243 6
010000001000111 8263 20
010000001001101 8269 6
010000001010001 8273 4
010000001011111 8287 14
010000001100011 8291 4
010000001100101 8293 2
010000001101001 8297 4
010000001110111 8311 14
010000001111101 8317 6
010000010001001 8329 12
010000010100001 8353 24
010000010101011 8363 10
010000010110001 8369 6
010000010111001 8377 8
010000011000011 8387 10
010000011000101 8389 2
010000011100011 8419 30
010000011100111 8423 4
010000011101101 8429 6
010000011101111 8431 2
010000011111011 8443 12
010000011111111 8447 4
010000100001101 8461 14
010000100010011 8467 6
010000100110101 8501 34
010000101000001 8513 12
010000101001001 8521 8
010000101001111 8527 6
010000101011001 8537 10
010000101011011 8539 2
010000101011111 8543 4
010000101110011 8563 20
010000101111101 8573 10
010000110000101 8581 8
010000110010101 8597 16
010000110010111 8599 2
010000110100001 8609 10
010000110101111 8623 14
010000110110011 8627 4
010000110110101 8629 2
010000111000001 8641 12
010000111000111 8647 6
010000111010111 8663 16
010000111011101 8669 6
010000111100101 8677 8
010000111101001 8681 4
010000111110001 8689 8
010000111110101 8693 4
010000111111011 8699 6
010001000000011 8707 8
010001000001001 8713 6
010001000001111 8719 6
010001000011011 8731 12
010001000100001 8737 6
010001000100101 8741 4
010001000101011 8747 6
010001000110001 8753 6
010001000111001 8761 8
010001001001011 8779 18
010001001001111 8783 4
010001001100011 8803 20
010001001100111 8807 4
010001001110011 8819 12
010001001110101 8821 2
010001001111111 8831 10
010001010000101 8837 6
010001010000111 8839 2
010001010010001 8849 10
010001010011101 8861 12
010001010011111 8863 2
010001010100011 8867 4
010001010110111 8887 20
010001010111101 8893 6
010001011011011 8923 30
010001011100001 8929 6
010001011100101 8933 4
010001011101101 8941 8
010001011110111 8951 10
010001100000011 8963 12
010001100001001 8969 6
010001100001011 8971 2
010001100100111 8999 28
010001100101001 9001 2
010001100101111 9007 6
010001100110011 9011 4
010001100110101 9013 2
010001101000101 9029 16
010001101010001 9041 12
010001101010011 9043 2
010001101011001 9049 6
010001101100011 9059 10
010001101101011 9067 8
010001110000011 9091 24
010001110001111 9103 12
010001110010101 9109 6
010001110100111 9127 18
010001110101101 9133 6
010001110110001 9137 4
010001110111111 9151 14
010001111000101 9157 6
010001111001001 9161 4
010001111010101 9173 12
010001111011101 9181 8
010001111100011 9187 6
010001111101111 9199 12
010001111110011 9203 4
010001111111001 9209 6
010010000000101 9221 12
010010000001011 9227 6
010010000010111 9239 12
010010000011001 9241 2
010010000101001 9257 16
010010000111101 9277 20
010010001000001 9281 4
010010001000011 9283 2
010010001001101 9293 10
010010001011111 9311 18
010010001100111 9319 8
010010001101011 9323 4
010010001111001 9337 14
010010001111101 9341 4
010010001111111 9343 2
010010010000101 9349 6
010010010011011 9371 22
010010010100001 9377 6
010010010101111 9391 14
010010010110101 9397 6
010010010111011 9403 6
010010011000101 9413 10
010010011001011 9419 6
010010011001101 9421 2
010010011010111 9431 10
010010011011001 9433 2
010010011011101 9437 4
010010011011111 9439 2
010010011110101 9461 22
010010011110111 9463 2
010010011111011 9467 4
010010100000001 9473 6
010010100000111 9479 6
010010100010011 9491 12
010010100011001 9497 6
010010100100111 9511 14
010010100110001 9521 10
010010100111101 9533 12
010010101000011 9539 6
010010101001011 9547 8
010010101001111 9551 4
010010101110011 9587 36
010010110000001 9601 14
010010110001101 9613 12
010010110010011 9619 6
010010110010111 9623 4
010010110011101 9629 6
010010110011111 9631 2
010010110101011 9643 12
010010110110001 9649 6
010010110111101 9661 12
010010111001101 9677 16
010010111001111 9679 2
010010111011001 9689 10
010010111100001 9697 8
010010111110111 9719 22
010010111111001 9721 2
010011000000101 9733 12
010011000001011 9739 6
010011000001111 9743 4
010011000010101 9749 6
010011000100111 9767 18
010011000101001 9769 2
010011000110101 9781 12
010011000111011 9787 6
010011000111111 9791 4
010011001001011 9803 12
010011001010011 9811 8
010011001011001 9817 6
010011001100101 9829 12
010011001101001 9833 4
010011001101111 9839 6
010011001111011 9851 12
010011010000001 9857 6
010011010000011 9859 2
010011010001111 9871 12
010011010011011 9883 12
010011010011111 9887 4
010011010101101 9901 14
010011010110011 9907 6
010011011000011 9923 16
010011011001001 9929 6
010011011001011 9931 2
010011011010101 9941 10
010011011011101 9949 8
010011011101111 9967 18
010011011110101 9973 6
